7.423170541394832379e-03,9.999472274097593871e-01,-7.102037358971259248e-03,9.997453295637281911e-01,-7.269935214517595466e-03,2.136408335242389461e-02,2.131132456291646993e-02,-7.258817914204246900e-03,-9.997465363820284834e-01,-4.477800592929715151e+01,1.711897729224694586e+01,2.416320176102805817e+03,1.778862271262828017e+03,-1.585434380519741560e-02,-2.464067807910092639e-02,1.653572358434232683e+03,1.078608408453943184e+03
-1.395365894502339013e-02,-9.999018446452088149e-01,-1.263517769757305231e-03,-9.140950799096474455e-01,1.326835534884411583e-02,-4.052827847704758013e-01,4.052597688977046531e-01,-4.500202378262929681e-03,-9.141904986880652340e-01,-1.189548145135070740e+02,-3.515400007527478579e+02,2.294079174852821325e+03,1.778862271262828017e+03,-1.585434380519741560e-02,-2.464067807910092639e-02,1.620320136572349384e+03,1.114727345627981094e+03
-1.125237563554040351e-02,-9.999354337829309269e-01,1.585026150755591834e-03,-9.109437250539274000e-01,9.597205747977372026e-03,-4.124189901383127355e-01,4.123771499821873299e-01,-6.084563022343725258e-03,-9.109929002277654675e-01,1.377975385397908212e+02,-3.295859494401778989e+02,2.306554284548291434e+03,1.778862271262828017e+03,-1.585434380519741560e-02,-2.464067807910092639e-02,1.567893040817591555e+03,1.095883190539861744e+03
-8.496731528737188066e-01,5.273009435299738090e-01,-3.041091585884281301e-03,4.871604177183594953e-01,7.827588159683732671e-01,-3.872510341267842437e-01,-2.018173944289932409e-01,-3.305183065674119347e-01,-9.219692990168938396e-01,-1.418596406647482127e+02,-3.670690548646541060e+02,2.263749478682128029e+03,1.778862271262828017e+03,-1.585434380519741560e-02,-2.464067807910092639e-02,1.655439721028792974e+03,1.100141111378188725e+03
-8.464024117521748991e-01,5.325289165120867807e-01,-3.988791617106052234e-03,4.911314949816686926e-01,7.776656288158729780e-01,-3.924614941564125159e-01,-2.058951481146968354e-01,-3.341393763639293191e-01,-9.197597866540760947e-01,1.102488428619430039e+02,-3.561889345154247053e+02,2.296502659497921286e+03,1.778862271262828017e+03,-1.585434380519741560e-02,-2.464067807910092639e-02,1.635234113163648772e+03,1.105620556024289954e+03
8.282762029084151933e-01,5.602768842282003225e-01,-6.953034960180834445e-03,5.126428923268796511e-01,-7.627495518701685739e-01,-3.942212400018396123e-01,-2.261764723448237979e-01,3.229596478221337663e-01,-9.189892650277555752e-01,-7.241841366596248974e+01,-3.328083520702251690e+02,2.272385297983899818e+03,1.778862271262828017e+03,-1.585434380519741560e-02,-2.464067807910092639e-02,1.631322064647838488e+03,1.097402934495494947e+03
8.290846913036412635e-01,5.590943560633165887e-01,-5.663538124803413343e-03,5.109327058357164830e-01,-7.617016486972446598e-01,-3.984449378261597507e-01,-2.270822422677274965e-01,3.274509114203906224e-01,-9.171747684365375575e-01,1.829490924924715216e+02,-3.204660195614548002e+02,2.270520707096991373e+03,1.778862271262828017e+03,-1.585434380519741560e-02,-2.464067807910092639e-02,1.600070129515882854e+03,1.095044002807558627e+03
