%YAML:1.0
---
camera_matrix: !!opencv-matrix
   rows: 3
   cols: 3
   dt: d
   data: [ 3126.9165264779222, 0., 1642.2569923668741, 0.,
       3126.9165264779222, 1138.0940424152479, 0., 0., 1. ]
distortion_coefficients: !!opencv-matrix
   rows: 5
   cols: 1
   dt: d
   data: [ 0.011394591844935019, -0.020458263781305108, 0., 0., 0. ]
rc_ext: !!opencv-matrix
   rows: 3
   cols: 3
   dt: d
   data: [ 0.52426966904442873, 0.85154538549434033,
       -0.0034356161854362244, 0.19953734317896382, -0.12676906129307619,
       -0.97165554440469371, -0.82784432183543399, 0.50872397651666679,
       -0.23637627342056311 ]
tc_ext: !!opencv-matrix
   rows: 3
   cols: 1
   dt: d
   data: [ -8.0523994515837138, -5.5205917248505418, 1006.0720664302911 ]
