%YAML:1.0
---
camera_matrix: !!opencv-matrix
   rows: 3
   cols: 3
   dt: d
   data: [ 3906.8168181358942, 0., 1520.8059895127899, 0.,
       3906.8168181358942, 1204.9039673208802, 0., 0., 1. ]
distortion_coefficients: !!opencv-matrix
   rows: 5
   cols: 1
   dt: d
   data: [ 0.014440181301409023, -0.0046595128405736673, 0., 0., 0. ]
rc_ext: !!opencv-matrix
   rows: 3
   cols: 3
   dt: d
   data: [ -0.65693764965208623, 0.75293264253841385,
       -0.039056344440646602, 0.63944590486731523, 0.52897852776252319,
       -0.5579343108139817, -0.39942698658961084, -0.39150245938828615,
       -0.82896559026452266 ]
tc_ext: !!opencv-matrix
   rows: 3
   cols: 1
   dt: d
   data: [ 1.2513728034241467, -94.762643514748447, 1356.2741055688741 ]
