%YAML:1.0
---
camera_matrix: !!opencv-matrix
   rows: 3
   cols: 3
   dt: d
   data: [ 3872.6896940750953, 0., 1620.6706725838046, 0.,
       3872.6896940750953, 1192.4738592864571, 0., 0., 1. ]
distortion_coefficients: !!opencv-matrix
   rows: 5
   cols: 1
   dt: d
   data: [ 0.020876239733460016, -0.037376904404202556, 0., 0., 0. ]
rc_ext: !!opencv-matrix
   rows: 3
   cols: 3
   dt: d
   data: [ 0.71705284699057081, 0.69688130822460181,
       0.013845517978131737, 0.58733245230516873, -0.59339815470258672,
       -0.55038101461959443, -0.3753343356128741, 0.40278417916235815,
       -0.83479882812889172 ]
tc_ext: !!opencv-matrix
   rows: 3
   cols: 1
   dt: d
   data: [ -7.409573227214338, -90.945350860361316, 1342.6130243502691 ]
