%YAML:1.0
---
camera_matrix: !!opencv-matrix
   rows: 3
   cols: 3
   dt: d
   data: [ 3155.8786282131832, 0., 1619.2797086388584, 0.,
       3155.8786282131832, 1096.1320753708046, 0., 0., 1. ]
distortion_coefficients: !!opencv-matrix
   rows: 5
   cols: 1
   dt: d
   data: [ 0.0099772283438662474, -0.010323864270308408, 0., 0., 0. ]
rc_ext: !!opencv-matrix
   rows: 3
   cols: 3
   dt: d
   data: [ 0.46332490149991673, -0.88558896104687956,
       0.032592296720249846, -0.14992673794794598, -0.1145808911844868,
       -0.98203525193527463, 0.87341402971123849, 0.45011491220358313,
       -0.1858616399854166 ]
tc_ext: !!opencv-matrix
   rows: 3
   cols: 1
   dt: d
   data: [ 6.5768303094483889, -18.614304564633112, 1041.3141451462382 ]
