%YAML:1.0
---
camera_matrix: !!opencv-matrix
   rows: 3
   cols: 3
   dt: d
   data: [ 2985.7918347600348, 0., 1528.7547529702003, 0.,
       2985.7918347600348, 1106.5546894672461, 0., 0., 1. ]
distortion_coefficients: !!opencv-matrix
   rows: 5
   cols: 1
   dt: d
   data: [ 0.011662173216901568, -0.019380629941209503, 0., 0., 0. ]
rc_ext: !!opencv-matrix
   rows: 3
   cols: 3
   dt: d
   data: [ -0.89011075348355118, -0.454804182304967,
       -0.029258394792605068, -0.051289790722025295, 0.16375833466215386,
       -0.98516628428253827, 0.45284905023493194, -0.87540641208946512,
       -0.16908986283702773 ]
tc_ext: !!opencv-matrix
   rows: 3
   cols: 1
   dt: d
   data: [ 2.913345216371015, 0.76970207785916811, 1009.7003493539298 ]
