%YAML:1.0
---
camera_matrix: !!opencv-matrix
   rows: 3
   cols: 3
   dt: d
   data: [ 2540.9765739021623, 0., 1564.5861835606047, 0.,
       2540.9765739021623, 1121.0642113477295, 0., 0., 1. ]
distortion_coefficients: !!opencv-matrix
   rows: 5
   cols: 1
   dt: d
   data: [ 0.0089985154559691187, -0.021099141161697366, 0., 0., 0. ]
rc_ext: !!opencv-matrix
   rows: 3
   cols: 3
   dt: d
   data: [ -0.99946392143924745, 0.015564422968985874,
       -0.028804112151943527, 0.031445908745424619, 0.21141901641683217,
       -0.97688955174243397, -0.0091149856006695219,
       -0.97727159529771668, -0.21179511299072171 ]
tc_ext: !!opencv-matrix
   rows: 3
   cols: 1
   dt: d
   data: [ -12.983100849451045, -2.4674129690560473, 878.08961343014903 ]
