%YAML:1.0
---
camera_matrix: !!opencv-matrix
   rows: 3
   cols: 3
   dt: d
   data: [ 3018.6379575077549, 0., 1603.4486922120516, 0.,
       3018.6379575077549, 1190.4722126435959, 0., 0., 1. ]
distortion_coefficients: !!opencv-matrix
   rows: 5
   cols: 1
   dt: d
   data: [ 0.0096028218800174887, -0.010796265418184037, 0., 0., 0. ]
rc_ext: !!opencv-matrix
   rows: 3
   cols: 3
   dt: d
   data: [ 0.90020239958784343, 0.43378831409676394,
       0.038254285536668084, 0.14460738384329222, -0.21491433906597307,
       -0.96586778278450314, -0.41076076092091846, 0.87500831319347239,
       -0.25619539200417929 ]
tc_ext: !!opencv-matrix
   rows: 3
   cols: 1
   dt: d
   data: [ 5.2604931145834781, -42.049453859289088, 980.74300548114093 ]
