%YAML:1.0
---
camera_matrix: !!opencv-matrix
   rows: 3
   cols: 3
   dt: d
   data: [ 3899.5619845773381, 0., 1540.7909369503486, 0.,
       3899.5619845773381, 1131.5583099753101, 0., 0., 1. ]
distortion_coefficients: !!opencv-matrix
   rows: 5
   cols: 1
   dt: d
   data: [ 0.019434496736274488, -0.080965775916172239, 0., 0., 0. ]
rc_ext: !!opencv-matrix
   rows: 3
   cols: 3
   dt: d
   data: [ -0.99899270377392513, -0.014128531259855016,
       -0.042591323484382257, 0.011089977860559196, 0.84196498293514876,
       -0.53941821271700896, 0.043481589156322838, -0.5393471746993922,
       -0.84096017386091737 ]
tc_ext: !!opencv-matrix
   rows: 3
   cols: 1
   dt: d
   data: [ 23.474418688965798, -84.314666950554908, 1471.9107722951419 ]
