%YAML:1.0
---
camera_matrix: !!opencv-matrix
   rows: 3
   cols: 3
   dt: d
   data: [ 3007.5909367256204, 0., 1591.7148152531486, 0.,
       3007.5909367256204, 1216.8678508331184, 0., 0., 1. ]
distortion_coefficients: !!opencv-matrix
   rows: 5
   cols: 1
   dt: d
   data: [ 0.015939209352933758, -0.035291299559549384, 0., 0., 0. ]
rc_ext: !!opencv-matrix
   rows: 3
   cols: 3
   dt: d
   data: [ -0.51641630699366714, -0.85627377331182364,
       -0.010462104447017041, -0.1888389247198427, 0.12578772908318245,
       -0.97391855466401811, 0.83525691663087698, -0.50097175079158807,
       -0.22665664852114317 ]
tc_ext: !!opencv-matrix
   rows: 3
   cols: 1
   dt: d
   data: [ -4.2784010396079033, -86.710942749079933, 1027.098194499333 ]
