%YAML:1.0
---
camera_matrix: !!opencv-matrix
   rows: 3
   cols: 3
   dt: d
   data: [ 3857.2375365761959, 0., 1634.8611874887715, 0.,
       3857.2375365761959, 1104.8959580942214, 0., 0., 1. ]
distortion_coefficients: !!opencv-matrix
   rows: 5
   cols: 1
   dt: d
   data: [ 0.012469595095558879, 0.018479042590200535, 0., 0., 0. ]
rc_ext: !!opencv-matrix
   rows: 3
   cols: 3
   dt: d
   data: [ 0.9984531104528076, -0.027673415817304186,
       0.048224751456052033, 0.0018355288376587561, -0.8504614946268102,
       -0.52603412978628972, 0.055570454911259323, 0.52530891002808699,
       -0.84909511287848716 ]
tc_ext: !!opencv-matrix
   rows: 3
   cols: 1
   dt: d
   data: [ -0.62262251936140256, -69.24705841709077, 1458.6310639406092 ]
