%YAML:1.0
---
camera_matrix: !!opencv-matrix
   rows: 3
   cols: 3
   dt: d
   data: [ 2645.4554575081593, 0., 1595.2178733047908, 0.,
       2645.4554575081593, 1182.9908599667224, 0., 0., 1. ]
distortion_coefficients: !!opencv-matrix
   rows: 5
   cols: 1
   dt: d
   data: [ 0.011737503092767158, -0.044296764257062207, 0., 0., 0. ]
rc_ext: !!opencv-matrix
   rows: 3
   cols: 3
   dt: d
   data: [ 0.99892725308526842, -0.015859436115365506,
       0.043507237649346074, -0.016652400741669907, -0.99970067086916048,
       0.017924535408370447, 0.043209940882897688, -0.018629806510411913,
       -0.99889232371145265 ]
tc_ext: !!opencv-matrix
   rows: 3
   cols: 1
   dt: d
   data: [ -18.340885328659184, -34.049707824854309, 1240.6747971633624 ]
