%YAML:1.0
---
camera_matrix: !!opencv-matrix
   rows: 3
   cols: 3
   dt: d
   data: [ 3077.403487840038, 0., 1582.6613636024415, 0.,
       3077.403487840038, 1188.2446157381148, 0., 0., 1. ]
distortion_coefficients: !!opencv-matrix
   rows: 5
   cols: 1
   dt: d
   data: [ 0.0079716285913564566, -0.0054794567622857976, 0., 0., 0. ]
rc_ext: !!opencv-matrix
   rows: 3
   cols: 3
   dt: d
   data: [ -0.47680817409386855, 0.87882431623869595,
       -0.017939253627088363, 0.20410508956868542, 0.090840830159902422,
       -0.97472514035345093, -0.85498253545173297, -0.46841838937451025,
       -0.22268616259075469 ]
tc_ext: !!opencv-matrix
   rows: 3
   cols: 1
   dt: d
   data: [ -10.703106671221811, 0.75684701295084711, 1011.2974612909161 ]
