%YAML:1.0
---
camera_matrix: !!opencv-matrix
   rows: 3
   cols: 3
   dt: d
   data: [ 2999.9430855586597, 0., 1532.5884024656427, 0.,
       2999.9430855586597, 1138.5083204993134, 0., 0., 1. ]
distortion_coefficients: !!opencv-matrix
   rows: 5
   cols: 1
   dt: d
   data: [ 0.01525403317504115, -0.029573023335332453, 0., 0., 0. ]
rc_ext: !!opencv-matrix
   rows: 3
   cols: 3
   dt: d
   data: [ -0.88609476417740662, 0.46265236816072347,
       -0.028087462986368522, 0.12723958646112729, 0.18453063320259999,
       -0.97455557840651907, -0.44569744775198233, -0.86712239873381403,
       -0.22237932027702556 ]
tc_ext: !!opencv-matrix
   rows: 3
   cols: 1
   dt: d
   data: [ 2.3079481376270534, -20.259850182477244, 997.24852085685836 ]
