%YAML:1.0
---
camera_matrix: !!opencv-matrix
   rows: 3
   cols: 3
   dt: d
   data: [ 3027.1821095641317, 0., 1659.9111924677775, 0.,
       3027.1821095641317, 1073.8800329191452, 0., 0., 1. ]
distortion_coefficients: !!opencv-matrix
   rows: 5
   cols: 1
   dt: d
   data: [ 0.013117695284478224, -0.024070341437672976, 0., 0., 0. ]
rc_ext: !!opencv-matrix
   rows: 3
   cols: 3
   dt: d
   data: [ 0.87114843736310466, -0.48817275584512493,
       0.052799716681816669, -0.056623710632444813, -0.20669045670991171,
       -0.97676652941128173, 0.48774400444503491, 0.84791888662559345,
       -0.20770021667612037 ]
tc_ext: !!opencv-matrix
   rows: 3
   cols: 1
   dt: d
   data: [ 10.078505607684148, -25.383777190275254, 997.7928102344523 ]
