%YAML:1.0
---
camera_matrix: !!opencv-matrix
   rows: 3
   cols: 3
   dt: d
   data: [ 3855.2547629368833, 0., 1576.4138445030624, 0.,
       3855.2547629368833, 1145.8530833677532, 0., 0., 1. ]
distortion_coefficients: !!opencv-matrix
   rows: 5
   cols: 1
   dt: d
   data: [ 0.02479368894654695, -0.072504587764434178, 0., 0., 0. ]
rc_ext: !!opencv-matrix
   rows: 3
   cols: 3
   dt: d
   data: [ -0.65033331725580201, -0.75964570752711058,
       0.0022391331450120761, -0.60080359411124007, 0.5125401873197124,
       -0.61346364268212028, 0.46486737481579143, -0.40030110936477881,
       -0.78971981642674483 ]
tc_ext: !!opencv-matrix
   rows: 3
   cols: 1
   dt: d
   data: [ 10.362304095966305, -100.41615264122647, 1365.324094027568 ]
