%YAML:1.0
---
camera_matrix: !!opencv-matrix
   rows: 3
   cols: 3
   dt: d
   data: [ 3864.6485400225142, 0., 1566.2822157466283, 0.,
       3864.6485400225142, 1150.4946890616754, 0., 0., 1. ]
distortion_coefficients: !!opencv-matrix
   rows: 5
   cols: 1
   dt: d
   data: [ 0.014952280967053052, 0.0070014393579186859, 0., 0., 0. ]
rc_ext: !!opencv-matrix
   rows: 3
   cols: 3
   dt: d
   data: [ 0.65920834451552557, -0.74981443565654149,
       0.05676890450416968, -0.57453150807813902, -0.55093371502855903,
       -0.60529796856715778, 0.48513705604149016, 0.36640193294612261,
       -0.79397210517562689 ]
tc_ext: !!opencv-matrix
   rows: 3
   cols: 1
   dt: d
   data: [ -5.0579197314467779, -92.513909191728615, 1365.4759555573405 ]
