%YAML:1.0
---
camera_matrix: !!opencv-matrix
   rows: 3
   cols: 3
   dt: d
   data: [ 2.4461862260232301e+03, 0., 1.5722841057896794e+03, 0.,
       2.4461862260232301e+03, 1.1364049437371964e+03, 0., 0., 1. ]
distortion_coefficients: !!opencv-matrix
   rows: 5
   cols: 1
   dt: d
   data: [ -6.3430520760651731e-04, -3.9782874659524968e-04, 0., 0., 0. ]
rc_ext: !!opencv-matrix
   rows: 3
   cols: 3
   dt: d
   data: [ 8.5084326943681332e-01, -5.2507715658740028e-01,
       -1.8966035014337357e-02, -2.0382130399978574e-01,
       -2.9657462048070249e-01, -9.3300609350772956e-01,
       4.8427534202135591e-01, 7.9770763699291369e-01,
       -3.5936043047792654e-01 ]
tc_ext: !!opencv-matrix
   rows: 3
   cols: 1
   dt: d
   data: [ -1.0424633207940992e+02, -1.1215884962806147e+02,
       1.7039284321617574e+03 ]
