%YAML:1.0
---
camera_matrix: !!opencv-matrix
   rows: 3
   cols: 3
   dt: d
   data: [ 2.2972821282758437e+03, 0., 1.6061945152160756e+03, 0.,
       2.2972821282758437e+03, 1.1492368195281406e+03, 0., 0., 1. ]
distortion_coefficients: !!opencv-matrix
   rows: 5
   cols: 1
   dt: d
   data: [ -1.6018455844124286e-04, -1.1205612203802551e-02, 0., 0., 0. ]
rc_ext: !!opencv-matrix
   rows: 3
   cols: 3
   dt: d
   data: [ -7.4648690425671305e-01, 6.6507795130956815e-01,
       2.0703150849475271e-02, 5.5877498993810004e-01,
       6.4345836967553671e-01, -5.2319388099840802e-01,
       -3.6128633020487333e-01, -3.7898897764495432e-01,
       -8.5196217194821933e-01 ]
tc_ext: !!opencv-matrix
   rows: 3
   cols: 1
   dt: d
   data: [ -2.5419644453328818e+01, -3.1156545022112329e+02,
       1.9823690717580480e+03 ]
