%YAML:1.0
---
camera_matrix: !!opencv-matrix
   rows: 3
   cols: 3
   dt: d
   data: [ 2.2860921326241637e+03, 0., 1.5877688446866243e+03, 0.,
       2.2860921326241637e+03, 1.0936320749354052e+03, 0., 0., 1. ]
distortion_coefficients: !!opencv-matrix
   rows: 5
   cols: 1
   dt: d
   data: [ 4.9935973045183157e-03, -2.7725177352771930e-02, 0., 0., 0. ]
rc_ext: !!opencv-matrix
   rows: 3
   cols: 3
   dt: d
   data: [ 6.5795723324262290e-01, 7.5298150711450151e-01,
       1.0541781978689740e-02, 6.4005652761633913e-01,
       -5.5179801105326520e-01, -5.3464623486318019e-01,
       -3.9676179337157313e-01, 3.5852169382233234e-01,
       -8.4501022146441440e-01 ]
tc_ext: !!opencv-matrix
   rows: 3
   cols: 1
   dt: d
   data: [ -8.2042705983475592e+00, -2.6452279232623044e+02,
       1.9682219407249561e+03 ]
