%YAML:1.0
---
camera_matrix: !!opencv-matrix
   rows: 3
   cols: 3
   dt: d
   data: [ 2.3048585417913860e+03, 0., 1.5623240768400819e+03, 0.,
       2.3048585417913860e+03, 1.1557702536957795e+03, 0., 0., 1. ]
distortion_coefficients: !!opencv-matrix
   rows: 5
   cols: 1
   dt: d
   data: [ 2.3065226707271128e-03, -2.3749264447202479e-02, 0., 0., 0. ]
rc_ext: !!opencv-matrix
   rows: 3
   cols: 3
   dt: d
   data: [ -7.1029550025490540e-01, -7.0251776403847588e-01,
       4.4148539364454981e-02, -6.1680302345244642e-01,
       5.9095794122537137e-01, -5.1992570811856564e-01,
       3.3916711600265026e-01, -3.9653184350446752e-01,
       -8.5306984738026825e-01 ]
tc_ext: !!opencv-matrix
   rows: 3
   cols: 1
   dt: d
   data: [ -1.8190946854705786e+01, -3.1602999001914714e+02,
       1.9792774956469882e+03 ]
