%YAML:1.0
---
camera_matrix: !!opencv-matrix
   rows: 3
   cols: 3
   dt: d
   data: [ 2.2885013272253341e+03, 0., 1.6055243486681718e+03, 0.,
       2.2885013272253341e+03, 1.0742092068341635e+03, 0., 0., 1. ]
distortion_coefficients: !!opencv-matrix
   rows: 5
   cols: 1
   dt: d
   data: [ 9.7774976296602471e-03, -5.0841657200317025e-02, 0., 0., 0. ]
rc_ext: !!opencv-matrix
   rows: 3
   cols: 3
   dt: d
   data: [ 7.3790745075138453e-01, -6.7490182465725235e-01,
       3.4813776689845977e-04, -5.7183128959862561e-01,
       -6.2548855740669818e-01, -5.3082298442066400e-01,
       3.5847115694511045e-01, 3.9149915916589045e-01,
       -8.4748264761635972e-01 ]
tc_ext: !!opencv-matrix
   rows: 3
   cols: 1
   dt: d
   data: [ 5.4547657496559490e+00, -2.6693523127615759e+02,
       1.9710713575566863e+03 ]
