%YAML:1.0
---
camera_matrix: !!opencv-matrix
   rows: 3
   cols: 3
   dt: d
   data: [ 2.4351884432386164e+03, 0., 1.5666751958460400e+03, 0.,
       2.4351884432386164e+03, 1.1040758818388308e+03, 0., 0., 1. ]
distortion_coefficients: !!opencv-matrix
   rows: 5
   cols: 1
   dt: d
   data: [ 4.3313243763453370e-03, -1.7238916607773210e-02, 0., 0., 0. ]
rc_ext: !!opencv-matrix
   rows: 3
   cols: 3
   dt: d
   data: [ -8.4602259494660148e-01, -5.3308386060505430e-01,
       8.2077038341545894e-03, -2.3683696279495031e-01,
       3.6198694168565770e-01, -9.0159509043867747e-01,
       4.7765470990442610e-01, -7.6471370565164765e-01,
       -4.3250309420239208e-01 ]
tc_ext: !!opencv-matrix
   rows: 3
   cols: 1
   dt: d
   data: [ 1.2765743646165234e+02, -2.8163805565739904e+02,
       1.6854755658198044e+03 ]
