%YAML:1.0
---
camera_matrix: !!opencv-matrix
   rows: 3
   cols: 3
   dt: d
   data: [ 2.4804528649627418e+03, 0., 1.5921230456972205e+03, 0.,
       2.4804528649627418e+03, 1.0594665825376696e+03, 0., 0., 1. ]
distortion_coefficients: !!opencv-matrix
   rows: 5
   cols: 1
   dt: d
   data: [ 5.0539068070425495e-03, -1.3962287922957648e-02, 0., 0., 0. ]
rc_ext: !!opencv-matrix
   rows: 3
   cols: 3
   dt: d
   data: [ -8.4589191973719968e-01, 5.3323088860965850e-01,
       1.1475171278404361e-02, 2.0383709425265226e-01,
       3.4308955947198361e-01, -9.1691874950180585e-01,
       -4.9286641103847817e-01, -7.7327509568967367e-01,
       -3.9890892100349884e-01 ]
tc_ext: !!opencv-matrix
   rows: 3
   cols: 1
   dt: d
   data: [ -1.3206660678224821e+02, -2.1669341025482879e+02,
       1.6987939374208752e+03 ]
