%YAML:1.0
---
camera_matrix: !!opencv-matrix
   rows: 3
   cols: 3
   dt: d
   data: [ 2.7660005530598974e+03, 0., 1.5814902473356756e+03, 0.,
       2.7660005530598974e+03, 1.1232979337079003e+03, 0., 0., 1. ]
distortion_coefficients: !!opencv-matrix
   rows: 5
   cols: 1
   dt: d
   data: [ 9.8780595610218746e-03, -3.6561619857819208e-02, 0., 0., 0. ]
rc_ext: !!opencv-matrix
   rows: 3
   cols: 3
   dt: d
   data: [ -9.9999117623073008e-01, -1.5181145566166318e-03,
       -3.9169872190949343e-03, 2.0697870351791474e-04,
       9.1348132037436880e-01, -4.0688061453811813e-01,
       4.1957860405238039e-03, -4.0687783505039127e-01,
       -9.1347294580858240e-01 ]
tc_ext: !!opencv-matrix
   rows: 3
   cols: 1
   dt: d
   data: [ 7.8404210420071934e+00, -1.2072855163181268e+02,
       1.9285648738075186e+03 ]
