%YAML:1.0
---
camera_matrix: !!opencv-matrix
   rows: 3
   cols: 3
   dt: d
   data: [ 2.4544373898285098e+03, 0., 1.5748327224639122e+03, 0.,
       2.4544373898285098e+03, 1.1076891134939904e+03, 0., 0., 1. ]
distortion_coefficients: !!opencv-matrix
   rows: 5
   cols: 1
   dt: d
   data: [ 1.5095380982832435e-03, -1.0593748647285706e-02, 0., 0., 0. ]
rc_ext: !!opencv-matrix
   rows: 3
   cols: 3
   dt: d
   data: [ 8.4356884459149861e-01, 5.3660600824437565e-01,
       -2.1109153242157619e-02, 2.0702671849765489e-01,
       -3.6122199715418840e-01, -9.0920768067589031e-01,
       -4.9551139468498256e-01, 7.6260911395548903e-01,
       -4.1580740379335107e-01 ]
tc_ext: !!opencv-matrix
   rows: 3
   cols: 1
   dt: d
   data: [ 1.4637445205635720e+02, -2.3986551681016181e+02,
       1.6734435258306764e+03 ]
