%YAML:1.0
---
camera_matrix: !!opencv-matrix
   rows: 3
   cols: 3
   dt: d
   data: [ 2.7769172336069837e+03, 0., 1.5621038913833315e+03, 0.,
       2.7769172336069837e+03, 1.0764989819736652e+03, 0., 0., 1. ]
distortion_coefficients: !!opencv-matrix
   rows: 5
   cols: 1
   dt: d
   data: [ 7.5353406344234449e-03, -1.4176564163677009e-02, 0., 0., 0. ]
rc_ext: !!opencv-matrix
   rows: 3
   cols: 3
   dt: d
   data: [ -5.5987711419400385e-03, 9.9993731272372011e-01,
       -9.6966171712191962e-03, 9.1187929326690420e-01,
       1.1254303477119879e-03, -4.1045692577612014e-01,
       -4.1042028248217843e-01, -1.1140198804215878e-02,
       -9.1182843106466649e-01 ]
tc_ext: !!opencv-matrix
   rows: 3
   cols: 1
   dt: d
   data: [ 1.2509657046110975e+01, -1.0188879757726086e+02,
       1.9269233721793364e+03 ]
