%YAML:1.0
---
camera_matrix: !!opencv-matrix
   rows: 3
   cols: 3
   dt: d
   data: [ 2.5321795502281770e+03, 0., 1.6404859351559744e+03, 0.,
       2.5321795502281770e+03, 1.1159429248856868e+03, 0., 0., 1. ]
distortion_coefficients: !!opencv-matrix
   rows: 5
   cols: 1
   dt: d
   data: [ -2.0408929668512351e-04, -9.1987801442464066e-03, 0., 0., 0. ]
rc_ext: !!opencv-matrix
   rows: 3
   cols: 3
   dt: d
   data: [ 4.8775558175912931e-01, 8.7265756116842952e-01,
       2.3733381520165298e-02, 2.7694949578950845e-01,
       -1.2889906870848516e-01, -9.5219956252249038e-01,
       -8.2788493720126954e-01, 4.7101359961433564e-01,
       -3.0455331180861583e-01 ]
tc_ext: !!opencv-matrix
   rows: 3
   cols: 1
   dt: d
   data: [ -3.5060920699504194e+01, -2.5050980587845956e+01,
       1.7123291858813832e+03 ]
