%YAML:1.0
---
camera_matrix: !!opencv-matrix
   rows: 3
   cols: 3
   dt: d
   data: [ 2.7591002788796909e+03, 0., 1.5946029585363137e+03, 0.,
       2.7591002788796909e+03, 1.1650445955034706e+03, 0., 0., 1. ]
distortion_coefficients: !!opencv-matrix
   rows: 5
   cols: 1
   dt: d
   data: [ 9.9660049549939941e-03, -2.8359001754317763e-02, 0., 0., 0. ]
rc_ext: !!opencv-matrix
   rows: 3
   cols: 3
   dt: d
   data: [ -7.5232360519794997e-04, -9.9999476046449698e-01,
       -3.1485000788467887e-03, -9.2417576427770975e-01,
       1.8978989861687633e-03, -3.8196276611883184e-01,
       3.8196674034646549e-01, 2.6224078614387192e-03,
       -9.2417234986018926e-01 ]
tc_ext: !!opencv-matrix
   rows: 3
   cols: 1
   dt: d
   data: [ 2.1621290874176140e+01, -1.5960189610626520e+02,
       1.9218939683968642e+03 ]
