%YAML:1.0
---
camera_matrix: !!opencv-matrix
   rows: 3
   cols: 3
   dt: d
   data: [ 2.4782580709134754e+03, 0., 1.5747799985745767e+03, 0.,
       2.4782580709134754e+03, 1.1461466294245170e+03, 0., 0., 1. ]
distortion_coefficients: !!opencv-matrix
   rows: 5
   cols: 1
   dt: d
   data: [ 4.6207593091254443e-03, -1.6066351063753509e-02, 0., 0., 0. ]
rc_ext: !!opencv-matrix
   rows: 3
   cols: 3
   dt: d
   data: [ -5.1959246011129379e-01, 8.5426870659390541e-01,
       -1.5768713640289811e-02, 3.4222253255551977e-01,
       1.9116884338660708e-01, -9.1996641869663531e-01,
       -7.8288403586149302e-01, -4.8340402382748404e-01,
       -3.9167988988537239e-01 ]
tc_ext: !!opencv-matrix
   rows: 3
   cols: 1
   dt: d
   data: [ 1.1148712350810183e+02, -2.0878433001638908e+02,
       1.6858123645348232e+03 ]
