%YAML:1.0
---
camera_matrix: !!opencv-matrix
   rows: 3
   cols: 3
   dt: d
   data: [ 2.3885127979307804e+03, 0., 1.5520568280377022e+03, 0.,
       2.3885127979307804e+03, 1.0804549729962191e+03, 0., 0., 1. ]
distortion_coefficients: !!opencv-matrix
   rows: 5
   cols: 1
   dt: d
   data: [ 3.5660836075662034e-04, -1.3722605238992353e-02, 0., 0., 0. ]
rc_ext: !!opencv-matrix
   rows: 3
   cols: 3
   dt: d
   data: [ 5.4556765159837617e-01, -8.3806428997665527e-01,
       2.0453350231368628e-03, -3.6539069477784958e-01,
       -2.4005897026201362e-01, -8.9936718361662571e-01,
       7.5421852118546695e-01, 4.8991829590521080e-01,
       -4.3718930183404664e-01 ]
tc_ext: !!opencv-matrix
   rows: 3
   cols: 1
   dt: d
   data: [ 1.5298572879802612e+02, -2.7595369979286829e+02,
       1.6725096889987644e+03 ]
