%YAML:1.0
---
camera_matrix: !!opencv-matrix
   rows: 3
   cols: 3
   dt: d
   data: [ 2.4131805394026401e+03, 0., 1.6182339183880347e+03, 0.,
       2.4131805394026401e+03, 1.1485614680271390e+03, 0., 0., 1. ]
distortion_coefficients: !!opencv-matrix
   rows: 5
   cols: 1
   dt: d
   data: [ 6.7438031402178378e-03, -2.9947087542480391e-02, 0., 0., 0. ]
rc_ext: !!opencv-matrix
   rows: 3
   cols: 3
   dt: d
   data: [ -5.4090961506576829e-01, -8.4055921704323333e-01,
       2.9614033380622573e-02, -3.7747160523779899e-01,
       2.1114176632947626e-01, -9.0162871613013074e-01,
       7.5161956837791366e-01, -4.9887809849194131e-01,
       -4.3149584850432021e-01 ]
tc_ext: !!opencv-matrix
   rows: 3
   cols: 1
   dt: d
   data: [ -1.6110197582429373e+02, -2.8655201919194809e+02,
       1.6727122707674239e+03 ]
