%YAML:1.0
---
camera_matrix: !!opencv-matrix
   rows: 3
   cols: 3
   dt: d
   data: [ 2.7446779314257574e+03, 0., 1.5390092371084263e+03, 0.,
       2.7446779314257574e+03, 1.0950372143493894e+03, 0., 0., 1. ]
distortion_coefficients: !!opencv-matrix
   rows: 5
   cols: 1
   dt: d
   data: [ 8.4807610487001930e-03, -2.3398862925388030e-02, 0., 0., 0. ]
rc_ext: !!opencv-matrix
   rows: 3
   cols: 3
   dt: d
   data: [ 9.9986267628668313e-01, 2.6011884281063732e-03,
       -1.6366501996234569e-02, -3.9935072995424909e-03,
       -9.2067973347868781e-01, -3.9029845024168414e-01,
       -1.6083546508148177e-02, 3.9031021275438510e-01,
       -9.2054291445393588e-01 ]
tc_ext: !!opencv-matrix
   rows: 3
   cols: 1
   dt: d
   data: [ 3.1828677473173371e+01, -1.2495960526165931e+02,
       1.9027241358166468e+03 ]
