%YAML:1.0
---
camera_matrix: !!opencv-matrix
   rows: 3
   cols: 3
   dt: d
   data: [ 1.7739297827292917e+03, 0., 1.5848433554796250e+03, 0.,
       1.7739297827292917e+03, 1.0880197115297246e+03, 0., 0., 1. ]
distortion_coefficients: !!opencv-matrix
   rows: 5
   cols: 1
   dt: d
   data: [ -1.4221716734283149e-02, -1.8637195030806200e-02, 0., 0., 0. ]
rc_ext: !!opencv-matrix
   rows: 3
   cols: 3
   dt: d
   data: [ 9.9968328774113691e-01, -2.0973634540606495e-02,
       -1.3907942523187670e-02, -2.0914005515537591e-02,
       -9.9977151188246516e-01, 4.4190951049073186e-03,
       -1.3997449209312271e-02, -4.1268247366747866e-03,
       -9.9989351469705301e-01 ]
tc_ext: !!opencv-matrix
   rows: 3
   cols: 1
   dt: d
   data: [ -8.9496690716787739e+01, 1.8912382428457224e+01,
       1.9149165216753997e+03 ]
